       Value   Percentile   TotalCount 1/(1-Percentile)

       0.179     0.000000            1         1.00
       0.649     0.100000          400         1.11
       0.794     0.200000          803         1.25
       0.902     0.300000         1200         1.43
       1.016     0.400000         1600         1.67
       1.126     0.500000         2002         2.00
       1.176     0.550000         2203         2.22
       1.230     0.600000         2403         2.50
       1.286     0.650000         2600         2.86
       1.349     0.700000         2802         3.33
       1.406     0.750000         3001         4.00
       1.433     0.775000         3101         4.44
       1.463     0.800000         3200         5.00
       1.513     0.825000         3301         5.71
       1.554     0.850000         3401         6.67
       1.608     0.875000         3500         8.00
       1.639     0.887500         3552         8.89
       1.662     0.900000         3602        10.00
       1.699     0.912500         3650        11.43
       1.729     0.925000         3701        13.33
       1.768     0.937500         3750        16.00
       1.789     0.943750         3776        17.78
       1.820     0.950000         3800        20.00
       1.848     0.956250         3828        22.86
       1.891     0.962500         3850        26.67
       1.931     0.968750         3876        32.00
       1.946     0.971875         3887        35.56
       1.972     0.975000         3901        40.00
       1.997     0.978125         3912        45.71
       2.028     0.981250         3925        53.33
       2.053     0.984375         3937        64.00
       2.073     0.985938         3944        71.11
       2.099     0.987500         3951        80.00
       2.107     0.989062         3956        91.43
       2.137     0.990625         3962       106.67
       2.171     0.992188         3968       128.00
       2.187     0.992969         3971       142.22
       2.213     0.993750         3975       160.00
       2.249     0.994531         3978       182.86
       2.283     0.995313         3981       213.33
       2.337     0.996094         3984       256.00
       2.351     0.996484         3985       284.44
       2.359     0.996875         3987       320.00
       2.375     0.997266         3989       365.71
       2.383     0.997656         3990       426.67
       2.443     0.998047         3992       512.00
       2.443     0.998242         3992       568.89
       2.831     0.998437         3993       640.00
       2.865     0.998633         3994       731.43
       3.833     0.998828         3995       853.33
       4.203     0.999023         3996      1024.00
       4.203     0.999121         3996      1137.78
       4.203     0.999219         3996      1280.00
       4.731     0.999316         3997      1462.86
       4.731     0.999414         3997      1706.67
       5.163     0.999512         3998      2048.00
       5.163     0.999561         3998      2275.56
       5.163     0.999609         3998      2560.00
       5.163     0.999658         3998      2925.71
       5.163     0.999707         3998      3413.33
       8.655     0.999756         3999      4096.00
       8.655     1.000000         3999          inf
#[Mean    =        1.144, StdDeviation   =        0.427]
#[Max     =        8.648, Total count    =         3999]
#[Buckets =           27, SubBuckets     =         2048]
----------------------------------------------------------
  6001 requests in 30.00s, 468.83KB read
Requests/sec:    200.02
Transfer/sec:     15.63KB
