       Value   Percentile   TotalCount 1/(1-Percentile)

       0.126     0.000000            1         1.00
       0.462     0.100000          402         1.11
       0.586     0.200000          800         1.25
       0.713     0.300000         1201         1.43
       0.828     0.400000         1605         1.67
       0.926     0.500000         2002         2.00
       0.979     0.550000         2201         2.22
       1.020     0.600000         2402         2.50
       1.066     0.650000         2600         2.86
       1.107     0.700000         2804         3.33
       1.153     0.750000         3000         4.00
       1.186     0.775000         3103         4.44
       1.220     0.800000         3201         5.00
       1.255     0.825000         3302         5.71
       1.297     0.850000         3400         6.67
       1.329     0.875000         3500         8.00
       1.349     0.887500         3552         8.89
       1.370     0.900000         3602        10.00
       1.391     0.912500         3652        11.43
       1.413     0.925000         3701        13.33
       1.441     0.937500         3752        16.00
       1.455     0.943750         3776        17.78
       1.465     0.950000         3800        20.00
       1.486     0.956250         3825        22.86
       1.501     0.962500         3853        26.67
       1.517     0.968750         3875        32.00
       1.526     0.971875         3887        35.56
       1.536     0.975000         3901        40.00
       1.543     0.978125         3914        45.71
       1.558     0.981250         3926        53.33
       1.574     0.984375         3937        64.00
       1.590     0.985938         3943        71.11
       1.616     0.987500         3950        80.00
       1.640     0.989062         3957        91.43
       1.647     0.990625         3962       106.67
       1.658     0.992188         3968       128.00
       1.697     0.992969         3971       142.22
       1.709     0.993750         3975       160.00
       1.749     0.994531         3978       182.86
       1.792     0.995313         3981       213.33
       1.829     0.996094         3984       256.00
       1.885     0.996484         3985       284.44
       1.973     0.996875         3987       320.00
       3.829     0.997266         3989       365.71
       3.849     0.997656         3990       426.67
       5.091     0.998047         3992       512.00
       5.091     0.998242         3992       568.89
       8.735     0.998437         3993       640.00
       8.927     0.998633         3994       731.43
       9.967     0.998828         3995       853.33
      14.823     0.999023         3996      1024.00
      14.823     0.999121         3996      1137.78
      14.823     0.999219         3996      1280.00
      19.679     0.999316         3997      1462.86
      19.679     0.999414         3997      1706.67
      24.463     0.999512         3998      2048.00
      24.463     0.999561         3998      2275.56
      24.463     0.999609         3998      2560.00
      24.463     0.999658         3998      2925.71
      24.463     0.999707         3998      3413.33
      29.103     0.999756         3999      4096.00
      29.103     1.000000         3999          inf
#[Mean    =        0.943, StdDeviation   =        0.806]
#[Max     =       29.088, Total count    =         3999]
#[Buckets =           27, SubBuckets     =         2048]
----------------------------------------------------------
  6001 requests in 30.00s, 515.71KB read
Requests/sec:    200.03
Transfer/sec:     17.19KB
