Detailed Percentile spectrum:
       Value   Percentile   TotalCount 1/(1-Percentile)

       0.182     0.000000            1         1.00
       0.501     0.100000          400         1.11
       0.651     0.200000          800         1.25
       0.775     0.300000         1202         1.43
       0.885     0.400000         1601         1.67
       0.988     0.500000         2001         2.00
       1.034     0.550000         2202         2.22
       1.085     0.600000         2400         2.50
       1.137     0.650000         2601         2.86
       1.188     0.700000         2803         3.33
       1.247     0.750000         3003         4.00
       1.274     0.775000         3102         4.44
       1.300     0.800000         3203         5.00
       1.331     0.825000         3302         5.71
       1.371     0.850000         3406         6.67
       1.405     0.875000         3500         8.00
       1.430     0.887500         3552         8.89
       1.461     0.900000         3600        10.00
       1.489     0.912500         3650        11.43
       1.519     0.925000         3701        13.33
       1.567     0.937500         3751        16.00
       1.581     0.943750         3775        17.78
       1.601     0.950000         3800        20.00
       1.627     0.956250         3826        22.86
       1.660     0.962500         3852        26.67
       1.679     0.968750         3875        32.00
       1.693     0.971875         3887        35.56
       1.703     0.975000         3901        40.00
       1.726     0.978125         3912        45.71
       1.753     0.981250         3926        53.33
       1.786     0.984375         3937        64.00
       1.795     0.985938         3943        71.11
       1.816     0.987500         3950        80.00
       1.850     0.989062         3956        91.43
       1.894     0.990625         3962       106.67
       1.916     0.992188         3968       128.00
       1.959     0.992969         3971       142.22
       2.037     0.993750         3975       160.00
       2.099     0.994531         3978       182.86
       2.281     0.995313         3981       213.33
       2.741     0.996094         3984       256.00
       2.757     0.996484         3985       284.44
       3.207     0.996875         3987       320.00
       4.963     0.997266         3989       365.71
       5.191     0.997656         3990       426.67
       5.883     0.998047         3992       512.00
       5.883     0.998242         3992       568.89
       5.999     0.998437         3993       640.00
       7.483     0.998633         3994       731.43
       9.671     0.998828         3995       853.33
       9.735     0.999023         3996      1024.00
       9.735     0.999121         3996      1137.78
       9.735     0.999219         3996      1280.00
      10.831     0.999316         3997      1462.86
      10.831     0.999414         3997      1706.67
      11.679     0.999512         3998      2048.00
      11.679     0.999561         3998      2275.56
      11.679     0.999609         3998      2560.00
      11.679     0.999658         3998      2925.71
      11.679     0.999707         3998      3413.33
      14.071     0.999756         3999      4096.00
      14.071     1.000000         3999          inf
