Detailed Percentile spectrum:
       Value   Percentile   TotalCount 1/(1-Percentile)

       0.195     0.000000            1         1.00
       0.691     0.100000          400         1.11
       0.821     0.200000          800         1.25
       0.936     0.300000         1203         1.43
       1.037     0.400000         1600         1.67
       1.138     0.500000         2004         2.00
       1.192     0.550000         2200         2.22
       1.242     0.600000         2403         2.50
       1.294     0.650000         2602         2.86
       1.352     0.700000         2800         3.33
       1.406     0.750000         3001         4.00
       1.440     0.775000         3102         4.44
       1.468     0.800000         3200         5.00
       1.500     0.825000         3301         5.71
       1.530     0.850000         3400         6.67
       1.566     0.875000         3501         8.00
       1.585     0.887500         3552         8.89
       1.601     0.900000         3600        10.00
       1.620     0.912500         3651        11.43
       1.641     0.925000         3700        13.33
       1.665     0.937500         3751        16.00
       1.677     0.943750         3775        17.78
       1.688     0.950000         3801        20.00
       1.698     0.956250         3825        22.86
       1.714     0.962500         3850        26.67
       1.729     0.968750         3875        32.00
       1.740     0.971875         3887        35.56
       1.749     0.975000         3900        40.00
       1.761     0.978125         3912        45.71
       1.772     0.981250         3925        53.33
       1.788     0.984375         3937        64.00
       1.800     0.985938         3944        71.11
       1.806     0.987500         3950        80.00
       1.816     0.989062         3956        91.43
       1.829     0.990625         3962       106.67
       1.851     0.992188         3968       128.00
       1.855     0.992969         3971       142.22
       1.880     0.993750         3975       160.00
       1.888     0.994531         3978       182.86
       1.967     0.995313         3981       213.33
       1.986     0.996094         3984       256.00
       2.025     0.996484         3985       284.44
       2.121     0.996875         3987       320.00
       2.215     0.997266         3989       365.71
       2.217     0.997656         3990       426.67
       2.257     0.998047         3992       512.00
       2.257     0.998242         3992       568.89
       2.315     0.998437         3993       640.00
       2.767     0.998633         3994       731.43
       3.475     0.998828         3995       853.33
       3.693     0.999023         3996      1024.00
       3.693     0.999121         3996      1137.78
       3.693     0.999219         3996      1280.00
       7.603     0.999316         3997      1462.86
       7.603     0.999414         3997      1706.67
       7.839     0.999512         3998      2048.00
       7.839     0.999561         3998      2275.56
       7.839     0.999609         3998      2560.00
       7.839     0.999658         3998      2925.71
       7.839     0.999707         3998      3413.33
      12.175     0.999756         3999      4096.00
      12.175     1.000000         3999          inf
