       Value   Percentile   TotalCount 1/(1-Percentile)

    2166.783     0.000000            3         1.00
    2529.279     0.100000          323         1.11
    2945.023     0.200000          643         1.25
    3317.759     0.300000          969         1.43
    3723.263     0.400000         1285         1.67
    4139.007     0.500000         1610         2.00
    4358.143     0.550000         1770         2.22
    4485.119     0.600000         1927         2.50
    4739.071     0.650000         2088         2.86
    5058.559     0.700000         2247         3.33
    5509.119     0.750000         2411         4.00
    5562.367     0.775000         2490         4.44
    5611.519     0.800000         2571         5.00
    5660.671     0.825000         2650         5.71
    5722.111     0.850000         2734         6.67
    5787.647     0.875000         2816         8.00
    5808.127     0.887500         2849         8.89
    5844.991     0.900000         2893        10.00
    5873.663     0.912500         2933        11.43
    5906.431     0.925000         2982        13.33
    5926.911     0.937500         3013        16.00
    5947.391     0.943750         3035        17.78
    5959.679     0.950000         3051        20.00
    5976.063     0.956250         3072        22.86
    6004.735     0.962500         3092        26.67
    6025.215     0.968750         3112        32.00
    6045.695     0.971875         3123        35.56
    6049.791     0.975000         3133        40.00
    6053.887     0.978125         3145        45.71
    6057.983     0.981250         3150        53.33
    6078.463     0.984375         3160        64.00
    6082.559     0.985938         3175        71.11
    6082.559     0.987500         3175        80.00
    6082.559     0.989062         3175        91.43
    6086.655     0.990625         3183       106.67
    6094.847     0.992188         3186       128.00
    6103.039     0.992969         3199       142.22
    6103.039     0.993750         3199       160.00
    6103.039     0.994531         3199       182.86
    6103.039     0.995313         3199       213.33
    6103.039     0.996094         3199       256.00
    6103.039     0.996484         3199       284.44
    6107.135     0.996875         3206       320.00
    6107.135     0.997266         3206       365.71
    6107.135     0.997656         3206       426.67
    6107.135     0.998047         3206       512.00
    6107.135     0.998242         3206       568.89
    6107.135     0.998437         3206       640.00
    6107.135     0.998633         3206       731.43
    6111.231     0.998828         3210       853.33
    6111.231     1.000000         3210          inf
#[Mean    =     4183.107, StdDeviation   =     1213.854]
#[Max     =     6107.136, Total count    =         3210]
#[Buckets =           27, SubBuckets     =         2048]
----------------------------------------------------------
  4780 requests in 30.00s, 350.10KB read
Requests/sec:    159.32
Transfer/sec:     11.67KB