Initialised 1 threads in 0 ms.
Running 30s test @ http://host.docker.internal:8080/
  1 threads and 1 connections
  Thread calibration: mean lat.: 3.179ms, rate sampling interval: 10ms
  Thread Stats   Avg      Stdev     Max   +/- Stdev
    Latency     3.02ms    0.85ms  19.84ms   86.77%
    Req/Sec   211.22     37.23   555.00     88.02%
  Latency Distribution (HdrHistogram - Recorded Latency)
 50.000%    2.91ms
 75.000%    3.33ms
 90.000%    3.74ms
 99.000%    5.52ms
 99.900%   12.76ms
 99.990%   19.86ms
 99.999%   19.86ms
100.000%   19.86ms

  Detailed Percentile spectrum:
       Value   Percentile   TotalCount 1/(1-Percentile)

       0.826     0.000000            1         1.00
       2.317     0.100000          402         1.11
       2.565     0.200000          801         1.25
       2.693     0.300000         1205         1.43
       2.799     0.400000         1603         1.67
       2.911     0.500000         2001         2.00
       2.973     0.550000         2201         2.22
       3.073     0.600000         2405         2.50
       3.139     0.650000         2600         2.86
       3.227     0.700000         2804         3.33
       3.327     0.750000         3001         4.00
       3.371     0.775000         3103         4.44
       3.423     0.800000         3201         5.00
       3.481     0.825000         3301         5.71
       3.555     0.850000         3404         6.67
       3.631     0.875000         3501         8.00
       3.675     0.887500         3552         8.89
       3.739     0.900000         3602        10.00
       3.785     0.912500         3650        11.43
       3.855     0.925000         3707        13.33
       3.925     0.937500         3751        16.00
       3.971     0.943750         3777        17.78
       4.027     0.950000         3801        20.00
       4.099     0.956250         3826        22.86
       4.167     0.962500         3850        26.67
       4.255     0.968750         3876        32.00
       4.323     0.971875         3887        35.56
       4.463     0.975000         3900        40.00
       4.615     0.978125         3913        45.71
       4.731     0.981250         3925        53.33
       4.859     0.984375         3937        64.00
       4.991     0.985938         3943        71.11
       5.251     0.987500         3950        80.00
       5.443     0.989062         3956        91.43
       5.703     0.990625         3962       106.67
       5.887     0.992188         3968       128.00
       6.127     0.992969         3972       142.22
       6.359     0.993750         3975       160.00
       6.559     0.994531         3978       182.86
       6.959     0.995313         3981       213.33
       7.655     0.996094         3984       256.00
       8.135     0.996484         3985       284.44
       8.471     0.996875         3987       320.00
       9.047     0.997266         3989       365.71
       9.623     0.997656         3990       426.67
      11.935     0.998047         3992       512.00
      11.935     0.998242         3992       568.89
      12.031     0.998437         3993       640.00
      12.119     0.998633         3994       731.43
      12.759     0.998828         3995       853.33
      13.391     0.999023         3996      1024.00
      13.391     0.999121         3996      1137.78
      13.391     0.999219         3996      1280.00
      14.679     0.999316         3997      1462.86
      14.679     0.999414         3997      1706.67
      16.279     0.999512         3998      2048.00
      16.279     0.999561         3998      2275.56
      16.279     0.999609         3998      2560.00
      16.279     0.999658         3998      2925.71
      16.279     0.999707         3998      3413.33
      19.855     0.999756         3999      4096.00
      19.855     1.000000         3999          inf
#[Mean    =        3.023, StdDeviation   =        0.850]
#[Max     =       19.840, Total count    =         3999]
#[Buckets =           27, SubBuckets     =         2048]
----------------------------------------------------------
  6001 requests in 30.00s, 807.65KB read
Requests/sec:    200.01
Transfer/sec:     26.92KB
