       Value   Percentile   TotalCount 1/(1-Percentile)

    2059.263     0.000000            2         1.00
    2959.359     0.100000          332         1.11
    3205.119     0.200000          668         1.25
    3440.639     0.300000          997         1.43
    3751.935     0.400000         1338         1.67
    4007.935     0.500000         1663         2.00
    4202.495     0.550000         1825         2.22
    4378.623     0.600000         1991         2.50
    4562.943     0.650000         2157         2.86
    4816.895     0.700000         2322         3.33
    4911.103     0.750000         2488         4.00
    4980.735     0.775000         2574         4.44
    5021.695     0.800000         2660         5.00
    5070.847     0.825000         2737         5.71
    5119.999     0.850000         2820         6.67
    5181.439     0.875000         2910         8.00
    5201.919     0.887500         2946         8.89
    5210.111     0.900000         2986        10.00
    5242.879     0.912500         3036        11.43
    5267.455     0.925000         3076        13.33
    5300.223     0.937500         3110        16.00
    5312.511     0.943750         3136        17.78
    5324.799     0.950000         3161        20.00
    5332.991     0.956250         3175        22.86
    5353.471     0.962500         3198        26.67
    5361.663     0.968750         3215        32.00
    5373.951     0.971875         3232        35.56
    5378.047     0.975000         3249        40.00
    5378.047     0.978125         3249        45.71
    5386.239     0.981250         3257        53.33
    5390.335     0.984375         3270        64.00
    5390.335     0.985938         3270        71.11
    5402.623     0.987500         3276        80.00
    5414.911     0.989062         3282        91.43
    5423.103     0.990625         3285       106.67
    5435.391     0.992188         3296       128.00
    5435.391     0.992969         3296       142.22
    5435.391     0.993750         3296       160.00
    5439.487     0.994531         3298       182.86
    5447.679     0.995313         3301       213.33
    5451.775     0.996094         3306       256.00
    5451.775     0.996484         3306       284.44
    5451.775     0.996875         3306       320.00
    5455.871     0.997266         3312       365.71
    5455.871     0.997656         3312       426.67
    5455.871     0.998047         3312       512.00
    5455.871     0.998242         3312       568.89
    5455.871     0.998437         3312       640.00
    5455.871     0.998633         3312       731.43
    5459.967     0.998828         3313       853.33
    5459.967     0.999023         3313      1024.00
    5464.063     0.999121         3316      1137.78
    5464.063     1.000000         3316          inf
#[Mean    =     4077.872, StdDeviation   =      859.220]
#[Max     =     5459.968, Total count    =         3316]
#[Buckets =           27, SubBuckets     =         2048]
----------------------------------------------------------
  4908 requests in 30.00s, 383.44KB read
Requests/sec:    163.59
Transfer/sec:     12.78KB