Initialised 1 threads in 0 ms.
Running 30s test @ http://host.docker.internal:8080/
  1 threads and 1 connections
  Thread calibration: mean lat.: 3.632ms, rate sampling interval: 10ms
  Thread Stats   Avg      Stdev     Max   +/- Stdev
    Latency     3.58ms    5.21ms  82.18ms   97.35%
    Req/Sec   210.92     68.30     1.20k    72.97%
  Latency Distribution (HdrHistogram - Recorded Latency)
 50.000%    2.81ms
 75.000%    3.65ms
 90.000%    4.50ms
 99.000%   20.72ms
 99.900%   74.69ms
 99.990%   82.24ms
 99.999%   82.24ms
100.000%   82.24ms

  Detailed Percentile spectrum:
       Value   Percentile   TotalCount 1/(1-Percentile)

       0.545     0.000000            1         1.00
       1.872     0.100000          401         1.11
       2.087     0.200000          802         1.25
       2.341     0.300000         1205         1.43
       2.603     0.400000         1601         1.67
       2.809     0.500000         2008         2.00
       2.925     0.550000         2205         2.22
       3.061     0.600000         2402         2.50
       3.219     0.650000         2602         2.86
       3.427     0.700000         2800         3.33
       3.655     0.750000         3001         4.00
       3.767     0.775000         3100         4.44
       3.881     0.800000         3201         5.00
       3.989     0.825000         3301         5.71
       4.139     0.850000         3400         6.67
       4.299     0.875000         3501         8.00
       4.419     0.887500         3550         8.89
       4.503     0.900000         3601        10.00
       4.647     0.912500         3651        11.43
       4.775     0.925000         3700        13.33
       4.951     0.937500         3750        16.00
       5.023     0.943750         3775        17.78
       5.203     0.950000         3800        20.00
       5.435     0.956250         3825        22.86
       5.979     0.962500         3850        26.67
       7.231     0.968750         3875        32.00
       8.071     0.971875         3887        35.56
       9.431     0.975000         3900        40.00
      10.591     0.978125         3912        45.71
      12.719     0.981250         3925        53.33
      14.743     0.984375         3937        64.00
      15.919     0.985938         3943        71.11
      16.655     0.987500         3950        80.00
      19.311     0.989062         3956        91.43
      22.223     0.990625         3962       106.67
      25.055     0.992188         3968       128.00
      28.255     0.992969         3971       142.22
      42.303     0.993750         3975       160.00
      44.863     0.994531         3978       182.86
      51.199     0.995313         3981       213.33
      57.183     0.996094         3984       256.00
      58.431     0.996484         3985       284.44
      63.263     0.996875         3987       320.00
      67.007     0.997266         3989       365.71
      67.327     0.997656         3990       426.67
      70.783     0.998047         3992       512.00
      70.783     0.998242         3992       568.89
      71.487     0.998437         3993       640.00
      74.495     0.998633         3994       731.43
      74.687     0.998828         3995       853.33
      75.647     0.999023         3996      1024.00
      75.647     0.999121         3996      1137.78
      75.647     0.999219         3996      1280.00
      78.143     0.999316         3997      1462.86
      78.143     0.999414         3997      1706.67
      79.487     0.999512         3998      2048.00
      79.487     0.999561         3998      2275.56
      79.487     0.999609         3998      2560.00
      79.487     0.999658         3998      2925.71
      79.487     0.999707         3998      3413.33
      82.239     0.999756         3999      4096.00
      82.239     1.000000         3999          inf
#[Mean    =        3.580, StdDeviation   =        5.211]
#[Max     =       82.176, Total count    =         3999]
#[Buckets =           27, SubBuckets     =         2048]
----------------------------------------------------------
  6001 requests in 30.00s, 468.83KB read
Requests/sec:    200.00
Transfer/sec:     15.63KB
