       Value   Percentile   TotalCount 1/(1-Percentile)

       0.953     0.000000            1         1.00
       1.563     0.100000          400         1.11
       1.763     0.200000          801         1.25
       2.010     0.300000         1202         1.43
       2.435     0.400000         1600         1.67
       2.579     0.500000         2001         2.00
       2.633     0.550000         2207         2.22
       2.673     0.600000         2402         2.50
       2.719     0.650000         2616         2.86
       2.763     0.700000         2808         3.33
       2.815     0.750000         3001         4.00
       2.853     0.775000         3102         4.44
       2.887     0.800000         3203         5.00
       2.917     0.825000         3305         5.71
       2.955     0.850000         3405         6.67
       2.991     0.875000         3500         8.00
       3.011     0.887500         3552         8.89
       3.037     0.900000         3602        10.00
       3.069     0.912500         3650        11.43
       3.103     0.925000         3700        13.33
       3.151     0.937500         3751        16.00
       3.175     0.943750         3775        17.78
       3.219     0.950000         3800        20.00
       3.247     0.956250         3826        22.86
       3.299     0.962500         3850        26.67
       3.371     0.968750         3876        32.00
       3.409     0.971875         3888        35.56
       3.455     0.975000         3900        40.00
       3.541     0.978125         3912        45.71
       3.591     0.981250         3925        53.33
       3.621     0.984375         3937        64.00
       3.655     0.985938         3943        71.11
       3.715     0.987500         3950        80.00
       3.765     0.989062         3956        91.43
       3.791     0.990625         3962       106.67
       3.813     0.992188         3969       128.00
       3.819     0.992969         3971       142.22
       3.863     0.993750         3975       160.00
       3.913     0.994531         3978       182.86
       3.955     0.995313         3981       213.33
       3.983     0.996094         3984       256.00
       3.987     0.996484         3985       284.44
       4.115     0.996875         3987       320.00
       4.155     0.997266         3989       365.71
       4.183     0.997656         3991       426.67
       4.219     0.998047         3992       512.00
       4.219     0.998242         3992       568.89
       4.251     0.998437         3993       640.00
       4.315     0.998633         3994       731.43
       5.059     0.998828         3995       853.33
       5.391     0.999023         3996      1024.00
       5.391     0.999121         3996      1137.78
       5.391     0.999219         3996      1280.00
       6.095     0.999316         3997      1462.86
       6.095     0.999414         3997      1706.67
       9.623     0.999512         3998      2048.00
       9.623     0.999561         3998      2275.56
       9.623     0.999609         3998      2560.00
       9.623     0.999658         3998      2925.71
       9.623     0.999707         3998      3413.33
      13.743     0.999756         3999      4096.00
      13.743     1.000000         3999          inf
#[Mean    =        2.423, StdDeviation   =        0.621]
#[Max     =       13.736, Total count    =         3999]
#[Buckets =           27, SubBuckets     =         2048]
