       Value   Percentile   TotalCount 1/(1-Percentile)

       0.776     0.000000            1         1.00
       1.589     0.100000          400         1.11
       1.873     0.200000          801         1.25
       1.998     0.300000         1202         1.43
       2.151     0.400000         1602         1.67
       2.327     0.500000         2004         2.00
       2.387     0.550000         2203         2.22
       2.445     0.600000         2408         2.50
       2.509     0.650000         2602         2.86
       2.583     0.700000         2801         3.33
       2.683     0.750000         3000         4.00
       2.733     0.775000         3103         4.44
       2.783     0.800000         3207         5.00
       2.823     0.825000         3303         5.71
       2.875     0.850000         3405         6.67
       2.923     0.875000         3505         8.00
       2.947     0.887500         3551         8.89
       2.973     0.900000         3601        10.00
       3.021     0.912500         3651        11.43
       3.077     0.925000         3700        13.33
       3.147     0.937500         3752        16.00
       3.187     0.943750         3776        17.78
       3.231     0.950000         3800        20.00
       3.287     0.956250         3827        22.86
       3.345     0.962500         3850        26.67
       3.469     0.968750         3876        32.00
       3.519     0.971875         3887        35.56
       3.727     0.975000         3900        40.00
       3.915     0.978125         3912        45.71
       4.459     0.981250         3925        53.33
       7.691     0.984375         3937        64.00
       8.807     0.985938         3943        71.11
      12.071     0.987500         3950        80.00
      15.367     0.989062         3956        91.43
      18.255     0.990625         3962       106.67
      22.351     0.992188         3968       128.00
      23.903     0.992969         3971       142.22
      26.527     0.993750         3975       160.00
      28.719     0.994531         3978       182.86
      30.479     0.995313         3981       213.33
      31.999     0.996094         3984       256.00
      32.559     0.996484         3985       284.44
      37.407     0.996875         3987       320.00
      41.823     0.997266         3989       365.71
      46.175     0.997656         3990       426.67
      54.463     0.998047         3992       512.00
      54.463     0.998242         3992       568.89
      58.751     0.998437         3993       640.00
      59.647     0.998633         3994       731.43
      60.095     0.998828         3995       853.33
      63.039     0.999023         3996      1024.00
      63.039     0.999121         3996      1137.78
      63.039     0.999219         3996      1280.00
      66.815     0.999316         3997      1462.86
      66.815     0.999414         3997      1706.67
      70.911     0.999512         3998      2048.00
      70.911     0.999561         3998      2275.56
      70.911     0.999609         3998      2560.00
      70.911     0.999658         3998      2925.71
      70.911     0.999707         3998      3413.33
      74.751     0.999756         3999      4096.00
      74.751     1.000000         3999          inf
#[Mean    =        2.685, StdDeviation   =        3.755]
#[Max     =       74.688, Total count    =         3999]
#[Buckets =           27, SubBuckets     =         2048]