Detailed Percentile spectrum:
       Value   Percentile   TotalCount 1/(1-Percentile)

       0.370     0.000000            1         1.00
       0.757     0.100000          401         1.11
       0.927     0.200000          801         1.25
       1.070     0.300000         1202         1.43
       1.222     0.400000         1602         1.67
       1.353     0.500000         2006         2.00
       1.405     0.550000         2204         2.22
       1.471     0.600000         2402         2.50
       1.531     0.650000         2605         2.86
       1.603     0.700000         2800         3.33
       1.698     0.750000         3001         4.00
       1.750     0.775000         3101         4.44
       1.816     0.800000         3202         5.00
       1.892     0.825000         3301         5.71
       1.964     0.850000         3404         6.67
       2.038     0.875000         3500         8.00
       2.083     0.887500         3550         8.89
       2.131     0.900000         3600        10.00
       2.181     0.912500         3651        11.43
       2.231     0.925000         3701        13.33
       2.291     0.937500         3750        16.00
       2.321     0.943750         3776        17.78
       2.365     0.950000         3800        20.00
       2.431     0.956250         3825        22.86
       2.485     0.962500         3850        26.67
       2.575     0.968750         3876        32.00
       2.641     0.971875         3887        35.56
       2.883     0.975000         3900        40.00
       2.951     0.978125         3912        45.71
       3.155     0.981250         3925        53.33
       3.347     0.984375         3937        64.00
       3.627     0.985938         3943        71.11
       3.985     0.987500         3950        80.00
       4.307     0.989062         3957        91.43
       4.707     0.990625         3962       106.67
       5.015     0.992188         3968       128.00
       5.155     0.992969         3971       142.22
       5.763     0.993750         3975       160.00
       6.471     0.994531         3978       182.86
       6.895     0.995313         3981       213.33
       7.423     0.996094         3984       256.00
       7.835     0.996484         3985       284.44
       8.231     0.996875         3987       320.00
       9.319     0.997266         3989       365.71
       9.399     0.997656         3990       426.67
       9.743     0.998047         3992       512.00
       9.743     0.998242         3992       568.89
      10.063     0.998437         3993       640.00
      10.791     0.998633         3994       731.43
      11.215     0.998828         3995       853.33
      11.335     0.999023         3996      1024.00
      11.335     0.999121         3996      1137.78
      11.335     0.999219         3996      1280.00
      12.455     0.999316         3997      1462.86
      12.455     0.999414         3997      1706.67
      12.623     0.999512         3998      2048.00
      12.623     0.999561         3998      2275.56
      12.623     0.999609         3998      2560.00
      12.623     0.999658         3998      2925.71
      12.623     0.999707         3998      3413.33
      13.983     0.999756         3999      4096.00
      13.983     1.000000         3999          inf
